3
3.6 120
1.4 100
0.4 10
8
0
1
1
0
2
1
3
1
1
1
1.414213562
1
2.236067977
0
3.16227766
0
1
1
0
1
1
0
2
1
1.414213562
0
1
1
1.414213562
1
2.236067977
0
2
0
1
0
0
0
1
0
2.236067977
1
1.414213562
0
1
1
1.414213562
1
3
0
2
0
1
0
0
1
3.16227766
1
2.236067977
1
1.414213562
1
1
0
1
0
1.414213562
0
2.236067977
1
3.16227766
1
0
1
1
0
2
1
3
0
1.414213562
1
1
1
1.414213562
1
2.236067977
1
1
0
0
1
1
0
2
0
2.236067977
1
1.414213562
0
1
1
1.414213562
0
2
1
1
0
0
0
1
1
3.16227766
0
2.236067977
0
1.414213562
0
1
1
3
1
2
1
1
0
0
1
